LAMMPS data file. CGCMM style. atom_style full generated by VMD/TopoTools v1.5 on Wed Feb 07 12:59:34 CET 2018

 6 atoms
 5 bonds
 4 angles
 3 dihedrals

 Masses

1  15.03461
2  14.02660 
3  14.02660 
4  14.02660 
5  14.02660 
6  15.03461

 Charges

1     0.000000 
2     0.000000 
3     0.000000 
4     0.000000 
5     0.000000 
6     0.000000 

 Coords

1  -5.034000 2.514000 -0.878000 
2  -3.508000 2.494000 -0.872000 
3  -2.975000 1.131000 -0.416000 
4  -1.442000 1.114000 -0.411000 
5  -0.909000 -0.250000 0.045000 
6   0.624000 -0.268000 0.051000 

 Types

1 3 
2 4 
3 4 
4 4 
5 4 
6 3

 Bonds

1 2 	1 2
2 2 	2 3
3 2 	3 4
4 2 	4 5
5 2 	5 6

 Angles

1 2	1 2 3
2 2 	2 3 4
3 2 	3 4 5
4 2 	4 5 6

 Dihedrals

1 1 	1 2 3 4
2 1 	2 3 4 5
3 1	3 4 5 6

Special Bond Counts

   1    1   	1    	1
   2    2   	1    	1
   3    2   	2    	1
   4    2   	2    	1
   5    2   	1    	1
   6	1   	1    	1

Special Bonds

   1	2	3	4
   2	1 3	4	5
   3	2 4	1 5	6
   4	3 5	2 6	1
   5	4 6	3	2
   6	5	4	3

