       0            0   -7912.2666    1.3420473            0 
      50            4   -7923.7189    1.3625219    141.34237 
     100            6    -7929.998    1.3727593    166.67987 
     150            8   -7937.6128    1.3829966     143.6612 
     200           11    -7949.078    1.3983526    128.86054 
     250           13    -7952.586      1.40859    119.71576 
     300           13   -7955.3606      1.40859    95.922545 
     350           16   -7962.1417     1.423946     98.22135 
     400           16   -7963.2076     1.423946    98.707993 
     450           15   -7963.5505    1.4188273    94.615004 
     500           18   -7969.7557    1.4341833    113.33983 
     550           20   -7979.4234    1.4444207    111.24585 
     600           20   -7981.8901    1.4444207    102.84993 
     650           21   -7984.9903    1.4495394    102.59578 
     700           23    -7991.838    1.4597767    103.98103 
     750           28   -8005.6533    1.4853701    97.127453 
     800           27   -8001.5369    1.4802514    95.078137 
     850           27   -8004.6211    1.4802514     96.47783 
     900           29   -8015.6374    1.4904887    96.320087 
     950           30    -8021.835    1.4956074    98.006662 
    1000           32   -8026.9091    1.5058447    99.308087 
    1050           32   -8031.7965    1.5058447    94.916721 
    1100           31   -8026.9548    1.5007261    95.044646 
    1150           29   -8017.8568    1.4904887    97.055384 
    1200           30   -8019.7846    1.4956074    94.764863 
    1250           30    -8021.134    1.4956074    92.793359 
    1300           33   -8034.8216    1.5109634    87.615433 
    1350           34   -8036.7941    1.5160821     85.09141 
    1400           34   -8038.6722    1.5160821     85.09141 
    1450           34   -8039.5548    1.5160821     85.09141 
    1500           34   -8040.3787    1.5160821     85.09141 
    1550           35   -8042.5669    1.5212008    92.444304 
    1600           34   -8039.5596    1.5160821    93.825797 
    1650           35   -8044.1779    1.5212008    97.744116 
    1700           34   -8041.5716    1.5160821     98.21107 
    1750           35   -8046.1873    1.5212008     96.58832 
    1800           36   -8048.0672    1.5263194    96.554164 
    1850           34   -8041.7798    1.5160821    80.258604 
    1900           34   -8045.6155    1.5160821    80.500315 
    1950           35   -8048.8698    1.5212008     78.76753 
    2000           36   -8052.0359    1.5263194     79.07957 
    2050           37   -8055.4551    1.5314381    77.873347 
    2100           38   -8057.9962    1.5365568    76.287679 
    2150           37   -8053.3426    1.5314381    76.111673 
    2200           37   -8054.0706    1.5314381    76.111673 
    2250           37   -8052.4737    1.5314381    76.891521 
    2300           37   -8049.3834    1.5314381    79.770197 
    2350           36   -8047.9935    1.5263194    79.625983 
    2400           36   -8048.6725    1.5263194    79.625983 
    2450           37   -8050.4774    1.5314381    78.108207 
    2500           36    -8047.842    1.5263194    79.625983 
    2550           36   -8049.0888    1.5263194    79.625983 
    2600           37   -8049.9919    1.5314381    80.871575 
    2650           38   -8052.2688    1.5365568    80.350584 
    2700           38   -8053.5064    1.5365568    81.563097 
    2750           38   -8054.2029    1.5365568    81.563097 
    2800           37    -8055.478    1.5314381    82.116566 
    2850           37   -8055.6083    1.5314381    83.254722 
    2900           39   -8063.8655    1.5416754    88.254277 
    2950           39   -8063.4284    1.5416754    89.250955 
    3000           40   -8063.7131    1.5467941    91.557413 
    3050           41   -8067.9776    1.5519128    90.593377 
    3100           41   -8069.5537    1.5519128    90.593377 
    3150           41   -8069.8227    1.5519128    91.192384 
    3200           41   -8069.8412    1.5519128    89.999425 
    3250           42   -8073.3165    1.5570315    96.993047 
    3300           43   -8075.9855    1.5621501    101.74093 
    3350           44   -8080.8008    1.5672688    100.05717 
    3400           43    -8080.623    1.5621501    101.74093 
    3450           44   -8082.3856    1.5672688    102.89345 
    3500           42   -8077.8067    1.5570315     102.8856 
    3550           42   -8077.9466    1.5570315     102.8856 
    3600           41    -8077.375    1.5519128    100.96481 
    3650           42   -8078.6194    1.5570315    99.274769 
    3700           42   -8077.3355    1.5570315    99.274769 
    3750           44   -8083.5785    1.5672688    104.21426 
    3800           44   -8089.0285    1.5672688    105.98022 
    3850           44   -8088.4418    1.5672688    105.98022 
    3900           44   -8087.1575    1.5672688    105.98022 
    3950           44   -8088.3309    1.5672688    105.98022 
    4000           44   -8087.6383    1.5672688    105.98022 
    4050           42   -8080.6583    1.5570315    108.40431 
    4100           42   -8081.1215    1.5570315    108.40431 
    4150           41   -8078.0644    1.5519128    107.60317 
    4200           42   -8082.7323    1.5570315    105.08753 
    4250           43   -8086.0351    1.5621501    99.859507 
    4300           43   -8086.2632    1.5621501    99.859507 
    4350           42   -8084.0826    1.5570315    101.89556 
    4400           42    -8082.028    1.5570315    101.89556 
    4450           42   -8079.3889    1.5570315    101.89556 
    4500           44   -8086.3241    1.5672688    101.50173 
    4550           44   -8086.4109    1.5672688    101.50173 
    4600           44   -8087.7037    1.5672688    101.50173 
    4650           43   -8084.3265    1.5621501    101.36482 
    4700           44   -8087.3893    1.5672688     101.3697 
    4750           44   -8087.7061    1.5672688     101.3697 
    4800           45   -8088.4135    1.5723875    104.68219 
    4850           45   -8088.5643    1.5723875    104.68219 
    4900           45   -8088.4667    1.5723875    104.68219 
    4950           46   -8093.0039    1.5775062    104.54625 
    5000           46   -8089.1667    1.5775062    104.54625 
    5050           47   -8096.2184    1.5826248    105.32428 
    5100           48    -8102.796    1.5877435    106.32701 
    5150           47   -8098.4018    1.5826248    105.90868 
    5200           45   -8091.9187    1.5723875    101.72672 
    5250           46   -8094.8289    1.5775062    99.942441 
    5300           46   -8097.9734    1.5775062    99.942441 
    5350           46   -8098.4202    1.5775062    99.942441 
    5400           46   -8096.8661    1.5775062    99.942441 
    5450           46   -8097.6224    1.5775062    99.942441 
    5500           46   -8097.2035    1.5775062    99.942441 
    5550           47   -8098.4471    1.5826248    94.312289 
    5600           46   -8092.3181    1.5775062     94.45139 
    5650           46   -8093.6084    1.5775062     94.45139 
    5700           46   -8093.5789    1.5775062     94.45139 
    5750           47   -8102.2256    1.5826248    94.888736 
    5800           47   -8102.9976    1.5826248    94.888736 
    5850           45   -8096.8058    1.5723875    96.940086 
    5900           46   -8097.9706    1.5775062    99.319954 
    5950           46   -8098.6648    1.5775062    99.319954 
    6000           46   -8102.5167    1.5775062    94.895618 
    6050           46   -8103.4675    1.5775062    94.895618 
    6100           46   -8104.3568    1.5775062    94.895618 
    6150           45   -8099.2654    1.5723875    93.632369 
    6200           47   -8103.1201    1.5826248    94.711619 
    6250           47   -8101.4906    1.5826248    94.711619 
    6300           47   -8099.6352    1.5826248    94.711619 
    6350           46   -8096.6709    1.5775062    95.601411 
    6400           46   -8096.0467    1.5775062    95.601411 
    6450           45   -8095.9108    1.5723875    93.307087 
    6500           45   -8091.5548    1.5723875    95.131952 
    6550           47   -8101.9033    1.5826248    93.803245 
    6600           48   -8105.9039    1.5877435    93.157011 
    6650           49   -8106.4149    1.5928622    92.269414 
    6700           47    -8106.242    1.5826248    94.722541 
    6750           47   -8105.1776    1.5826248    94.722541 
    6800           47   -8105.5396    1.5826248    94.722541 
    6850           47   -8099.9851    1.5826248    94.722541 
    6900           46   -8097.6505    1.5775062    90.233067 
    6950           46   -8097.6832    1.5775062    90.233067 
    7000           46   -8098.5565    1.5775062    90.233067 
    7050           46   -8099.2946    1.5775062    90.233067 
    7100           47   -8103.1671    1.5826248    89.596414 
    7150           47   -8103.0328    1.5826248    89.596414 
    7200           47    -8103.235    1.5826248    92.254282 
    7250           47   -8100.7101    1.5826248    92.254282 
    7300           47   -8103.0672    1.5826248    91.011937 
    7350           48   -8110.2016    1.5877435    89.762493 
    7400           48   -8111.3671    1.5877435    89.762493 
    7450           48    -8111.099    1.5877435    89.762493 
    7500           48   -8110.0797    1.5877435    89.762493 
    7550           48   -8112.4563    1.5877435    89.762493 
    7600           48    -8114.327    1.5877435    89.762493 
    7650           48    -8116.151    1.5877435    89.762493 
    7700           48   -8115.1316    1.5877435    89.762493 
    7750           49   -8115.7086    1.5928622    90.422965 
    7800           48   -8112.9032    1.5877435    90.192105 
    7850           48   -8112.4232    1.5877435    90.192105 
    7900           48   -8115.1369    1.5877435    90.192105 
    7950           48    -8115.286    1.5877435    90.192105 
    8000           48   -8113.3721    1.5877435    90.192105 
    8050           47   -8110.2029    1.5826248     89.07866 
    8100           47   -8109.8742    1.5826248     89.07866 
    8150           47   -8110.8973    1.5826248     89.07866 
    8200           47   -8110.0412    1.5826248     89.07866 
    8250           46   -8105.6357    1.5775062    88.515917 
    8300           47   -8107.3101    1.5826248    87.242483 
    8350           47   -8108.5197    1.5826248    87.242483 
    8400           46   -8104.3385    1.5775062    87.828332 
    8450           47   -8105.1244    1.5826248    86.937983 
    8500           46   -8101.6913    1.5775062    86.690951 
    8550           48   -8107.7292    1.5877435    84.780952 
    8600           47   -8103.9813    1.5826248    83.987329 
    8650           49   -8112.1857    1.5928622    82.405427 
    8700           49   -8113.0374    1.5928622    82.405427 
    8750           49   -8111.2117    1.5928622    82.405427 
    8800           49   -8114.9677    1.5928622    80.266427 
    8850           48   -8109.5651    1.5877435    78.092868 
    8900           48   -8112.6589    1.5877435    78.092868 
    8950           48   -8111.2971    1.5877435    78.092868 
    9000           48   -8112.6659    1.5877435    78.092868 
    9050           50   -8116.3859    1.5979808    76.932396 
    9100           49    -8113.982    1.5928622    77.137878 
    9150           50    -8120.444    1.5979808    77.662988 
    9200           51     -8128.18    1.6030995    76.648588 
    9250           50   -8123.6573    1.5979808    77.263755 
    9300           50   -8122.1079    1.5979808    77.263755 
    9350           52   -8130.6539    1.6082182    79.130086 
    9400           52   -8135.6761    1.6082182    79.130086 
    9450           52   -8136.1638    1.6082182    79.130086 
    9500           50   -8130.5977    1.5979808     79.13252 
    9550           51   -8134.6149    1.6030995     84.59143 
    9600           51    -8133.745    1.6030995     84.59143 
    9650           52   -8137.5675    1.6082182     83.08794 
    9700           52   -8138.0431    1.6082182     83.08794 
    9750           52   -8136.7169    1.6082182     83.08794 
    9800           52   -8137.3738    1.6082182    83.507526 
    9850           52   -8137.0243    1.6082182    83.507526 
    9900           52   -8137.2864    1.6082182    83.507526 
    9950           52   -8139.8046    1.6082182    83.507526 
   10000           52   -8136.3132    1.6082182    83.507526 
   10050           52    -8135.371    1.6082182    83.507526 
   10100           52   -8133.4235    1.6082182    83.507526 
   10150           52   -8133.6675    1.6082182    83.507526 
   10200           52   -8133.6183    1.6082182    83.507526 
   10250           53   -8138.5965    1.6133369    83.345422 
   10300           53   -8138.4321    1.6133369    83.345422 
   10350           53   -8137.0364    1.6133369    83.345422 
   10400           53    -8138.442    1.6133369    83.345422 
   10450           53   -8136.6835    1.6133369    83.345422 
   10500           53   -8140.2272    1.6133369    83.345422 
   10550           53   -8138.8441    1.6133369    83.345422 
   10600           52   -8135.1655    1.6082182    84.764077 
   10650           52   -8135.2318    1.6082182    84.764077 
   10700           52   -8133.9649    1.6082182    84.764077 
   10750           52   -8133.6028    1.6082182    84.764077 
   10800           52   -8134.6735    1.6082182    84.764077 
   10850           52   -8138.0268    1.6082182    84.764077 
   10900           52   -8135.5009    1.6082182    84.764077 
   10950           52   -8136.7943    1.6082182    84.764077 
   11000           52   -8136.3504    1.6082182    84.764077 
   11050           52   -8132.2564    1.6082182    84.764077 
   11100           52   -8136.6703    1.6082182    84.764077 
   11150           52   -8136.3768    1.6082182    84.764077 
   11200           52   -8137.5043    1.6082182    84.764077 
   11250           52   -8131.6259    1.6082182    84.764077 
   11300           51   -8130.0179    1.6030995    85.700774 
   11350           53   -8139.7256    1.6133369    91.101131 
   11400           53   -8140.1366    1.6133369    91.101131 
   11450           53   -8140.5512    1.6133369    91.101131 
   11500           53   -8138.7504    1.6133369    91.101131 
   11550           55   -8147.0666    1.6235742    90.338497 
   11600           55   -8148.5848    1.6235742    90.338497 
   11650           55   -8147.2588    1.6235742    90.338497 
   11700           55   -8145.5193    1.6235742    90.338497 
   11750           56   -8149.1237    1.6286929    91.594299 
   11800           57   -8154.8776    1.6338115    91.782229 
   11850           57    -8156.543    1.6338115    91.782229 
   11900           56   -8154.1753    1.6286929    90.552055 
   11950           56   -8152.2881    1.6286929    90.552055 
   12000           56    -8153.866    1.6286929    90.552055 
   12050           56   -8154.0664    1.6286929    90.552055 
   12100           56   -8153.8009    1.6286929    90.552055 
   12150           56   -8151.6564    1.6286929    90.552055 
   12200           56    -8150.085    1.6286929    89.175066 
   12250           56   -8150.9661    1.6286929    89.175066 
   12300           56   -8152.4018    1.6286929    89.175066 
   12350           56   -8154.8558    1.6286929     89.39956 
   12400           56   -8155.2245    1.6286929     89.39956 
   12450           55   -8147.4171    1.6235742    90.468172 
   12500           55   -8145.2687    1.6235742    90.468172 
   12550           54   -8141.8049    1.6184555    90.981661 
   12600           54   -8141.5874    1.6184555    90.981661 
   12650           53    -8133.277    1.6133369    91.115659 
   12700           53   -8132.4579    1.6133369    91.115659 
   12750           52   -8133.2123    1.6082182    90.179721 
   12800           52    -8134.536    1.6082182    90.179721 
   12850           53   -8141.5711    1.6133369    89.443263 
   12900           53   -8137.4276    1.6133369    89.443263 
   12950           53   -8134.1319    1.6133369    89.443263 
   13000           53   -8135.1733    1.6133369    89.443263 
   13050           53   -8138.5446    1.6133369    89.443263 
   13100           52    -8133.239    1.6082182    90.420566 
   13150           52   -8133.2919    1.6082182    90.420566 
   13200           52   -8131.2686    1.6082182    90.420566 
   13250           53   -8132.8298    1.6133369    91.186635 
   13300           53   -8136.2235    1.6133369    91.186635 
   13350           53   -8136.4021    1.6133369    91.186635 
   13400           53   -8137.6575    1.6133369    91.186635 
   13450           53   -8137.3265    1.6133369    91.186635 
   13500           53   -8138.9031    1.6133369    91.186635 
   13550           53   -8139.1835    1.6133369    91.186635 
   13600           55   -8143.5382    1.6235742    92.820469 
   13650           55    -8141.939    1.6235742    92.820469 
   13700           54   -8139.7623    1.6184555    93.591975 
   13750           54   -8141.4098    1.6184555    93.591975 
   13800           55   -8144.9753    1.6235742    95.279304 
   13850           55   -8148.1721    1.6235742    95.279304 
   13900           55   -8147.6799    1.6235742    95.279304 
   13950           54   -8142.9338    1.6184555     94.61676 
   14000           53   -8139.8513    1.6133369    95.107984 
   14050           53   -8138.7462    1.6133369    95.107984 
   14100           52   -8135.5067    1.6082182    95.550249 
   14150           52   -8137.2512    1.6082182    95.550249 
   14200           53   -8140.9986    1.6133369    97.365125 
   14250           53   -8140.9223    1.6133369    97.365125 
   14300           52   -8136.4912    1.6082182    94.787267 
   14350           52   -8137.7979    1.6082182    94.787267 
   14400           51   -8132.4121    1.6030995    94.614693 
   14450           51   -8126.4098    1.6030995    94.026588 
   14500           52   -8133.1119    1.6082182     92.89639 
   14550           52    -8132.939    1.6082182     92.89639 
   14600           51    -8125.753    1.6030995    94.026588 
   14650           51   -8122.7553    1.6030995    94.026588 
   14700           51   -8122.2263    1.6030995    94.026588 
   14750           51   -8123.7941    1.6030995    94.026588 
   14800           51   -8122.6527    1.6030995    94.026588 
   14850           52   -8124.3149    1.6082182    94.647162 
   14900           52   -8124.9585    1.6082182    94.647162 
   14950           51   -8123.4441    1.6030995    95.006412 
   15000           53   -8133.0681    1.6133369    95.824048 
   15050           53   -8132.5165    1.6133369    95.824048 
   15100           53   -8129.0066    1.6133369    95.824048 
   15150           52   -8129.2971    1.6082182     94.53541 
   15200           52   -8130.1344    1.6082182     94.53541 
   15250           52   -8129.1959    1.6082182     94.53541 
   15300           52   -8126.8559    1.6082182     94.53541 
   15350           52   -8129.1724    1.6082182     94.53541 
   15400           52   -8128.2926    1.6082182     94.53541 
   15450           52   -8129.5828    1.6082182     94.53541 
   15500           52   -8127.1447    1.6082182     94.53541 
   15550           51     -8124.89    1.6030995    94.382808 
   15600           52    -8128.086    1.6082182    93.146996 
   15650           52   -8127.0944    1.6082182    93.146996 
   15700           52   -8127.4815    1.6082182    93.146996 
   15750           52   -8128.2276    1.6082182    93.146996 
   15800           52   -8132.1189    1.6082182    93.146996 
   15850           52   -8131.5433    1.6082182    93.146996 
   15900           52   -8130.3514    1.6082182    93.146996 
   15950           52    -8131.788    1.6082182    93.146996 
   16000           51    -8125.975    1.6030995    89.851896 
   16050           51   -8123.2017    1.6030995    89.851896 
   16100           51   -8124.2782    1.6030995    89.851896 
   16150           51    -8127.379    1.6030995    89.851896 
   16200           51   -8128.2109    1.6030995    89.851896 
   16250           51   -8129.6009    1.6030995    89.851896 
   16300           51   -8128.9936    1.6030995    89.851896 
   16350           51   -8130.2732    1.6030995    89.851896 
   16400           51   -8130.2882    1.6030995    89.851896 
   16450           51   -8131.0352    1.6030995    89.851896 
   16500           51   -8129.3328    1.6030995    89.851896 
   16550           49   -8118.1059    1.5928622    79.374966 
   16600           49   -8116.7334    1.5928622    79.374966 
   16650           49   -8113.6758    1.5928622    79.374966 
   16700           49   -8114.8117    1.5928622    79.374966 
   16750           49   -8115.2772    1.5928622    79.374966 
   16800           49   -8113.2736    1.5928622    79.374966 
   16850           49   -8110.5564    1.5928622    79.374966 
   16900           49   -8113.0529    1.5928622    79.374966 
   16950           48   -8112.8687    1.5877435    78.293783 
   17000           48   -8113.3033    1.5877435    78.293783 
   17050           48   -8113.7848    1.5877435    78.293783 
   17100           48    -8111.061    1.5877435    78.293783 
   17150           49   -8113.1347    1.5928622    77.312655 
   17200           48   -8108.0601    1.5877435    77.273365 
   17250           48   -8107.5694    1.5877435    77.273365 
   17300           48   -8110.2786    1.5877435    77.273365 
   17350           48     -8110.91    1.5877435    77.273365 
   17400           48   -8110.9914    1.5877435    77.273365 
   17450           47   -8104.3178    1.5826248    74.956095 
   17500           47   -8100.7594    1.5826248    74.956095 
   17550           47   -8098.7652    1.5826248    74.956095 
   17600           46   -8099.9808    1.5775062    75.905218 
   17650           47   -8100.9874    1.5826248    77.897758 
   17700           47   -8100.5986    1.5826248    77.897758 
   17750           49    -8106.857    1.5928622    76.666643 
   17800           48   -8105.4899    1.5877435    76.308234 
   17850           48   -8106.9592    1.5877435    76.308234 
   17900           48   -8107.1546    1.5877435    76.308234 
   17950           48   -8108.0547    1.5877435    76.308234 
   18000           50   -8115.3388    1.5979808     82.87835 
   18050           51   -8117.4996    1.6030995    82.188916 
   18100           49   -8112.8227    1.5928622    83.952409 
   18150           49   -8113.3621    1.5928622    83.952409 
   18200           47   -8102.8551    1.5826248    82.955689 
   18250           46   -8102.4385    1.5775062    83.828197 
   18300           45   -8098.1242    1.5723875    85.260023 
   18350           45   -8097.7065    1.5723875    85.260023 
   18400           45   -8095.8259    1.5723875    85.260023 
   18450           44   -8092.7943    1.5672688    81.036407 
   18500           44   -8093.7641    1.5672688    81.036407 
   18550           43   -8087.9479    1.5621501    81.598099 
   18600           43   -8089.6159    1.5621501     81.47832 
   18650           43   -8090.7406    1.5621501     81.47832 
   18700           42   -8088.1867    1.5570315    81.741021 
   18750           42   -8088.7642    1.5570315    81.741021 
   18800           41   -8084.8627    1.5519128    81.944872 
   18850           41   -8084.8363    1.5519128    81.944872 
   18900           43   -8095.2362    1.5621501     84.56598 
   18950           44   -8096.6844    1.5672688    83.589662 
   19000           44   -8095.3637    1.5672688    83.589662 
   19050           44   -8092.9925    1.5672688    83.589662 
   19100           45   -8098.4985    1.5723875    83.126668 
   19150           46   -8102.9387    1.5775062    82.788178 
   19200           47   -8106.2016    1.5826248    82.092061 
   19250           48   -8110.7845    1.5877435    83.392245 
   19300           50   -8117.6682    1.5979808    81.375256 
   19350           49   -8115.4297    1.5928622    83.310983 
   19400           49    -8112.123    1.5928622    83.310983 
   19450           49   -8113.6462    1.5928622    83.310983 
   19500           49   -8113.8114    1.5928622    83.310983 
   19550           49   -8116.4692    1.5928622    83.310983 
   19600           49   -8112.5241    1.5928622    83.310983 
   19650           49    -8114.912    1.5928622    83.310983 
   19700           50   -8121.4417    1.5979808    86.277221 
   19750           50   -8117.5201    1.5979808    86.277221 
   19800           49   -8116.0642    1.5928622    84.596866 
   19850           50   -8121.2604    1.5979808    84.989525 
   19900           50   -8120.3627    1.5979808    84.989525 
   19950           50   -8124.2493    1.5979808    84.989525 
   20000           50   -8122.7575    1.5979808    84.989525 
